v-105.01,-154.02,127.24,9,5,-176.28,0v-88.32,-154.02,126.21,8,4,-176.22,0v-72.08,-151.05,125.60,8,3,-176.50,0v-105.45,-155.50,101.23,9,5,-67.44,0v-110.94,-152.67,86.28,9,4,-18.20,1,41,17v-118.27,-152.54,80.45,4,3,-108.57,0v-112.56,-152.54,68.83,6,4,-179.33,0v-112.39,-152.54,50.60,6,4,-177.63,0v-117.24,-152.54,43.35,4,3,-60.22,0v-111.49,-152.67,32.83,8,4,29.51,1,32,23
v-105.28,-155.37,26.65,10,5,-78.95,0v-103.12,-155.95,27.78,13,6,-166.11,0v-84.01,-154.54,26.11,5,4,1.63,0v-81.28,-154.79,14.46,10,5,111.99,0v-66.31,-154.54,29.80,4,3,4.26,0v-95.98,-154.73,-6.76,11,7,-0.73,0v-79.94,-154.28,-5.94,8,4,1.63,0v-64.79,-151.51,-6.20,8,4,-1.04,0v-56.30,-151.31,4.72,6,3,3.53,0v-57.36,-150.86,33.88,3,3,1.41,0
v-57.52,-154.54,43.71,3,3,3.67,0v-86.66,-159.63,49.42,9,5,-87.45,0v-83.11,-154.54,39.33,5,3,-89.39,0v-99.67,-157.63,48.45,3,3,0.99,0v-59.42,-160.53,49.93,3,3,-177.14,1,3,3v-48.30,-161.11,57.35,6,4,91.41,1,6,4v-56.54,-160.53,70.09,3,3,5.77,1,3,3v-53.19,-154.60,58.22,4,3,91.42,0v-57.43,-154.54,76.47,3,3,0.09,0v-89.40,-160.59,63.15,8,4,-91.27,1,8,4
v-90.51,-159.69,72.18,8,5,93.27,0v-83.28,-154.28,85.85,6,3,-83.86,0v-102.70,-157.63,71.69,3,3,-173.56,0v-103.13,-155.70,90.87,12,5,164.66,0v-88.56,-154.60,93.47,5,3,-174.07,0v-81.13,-154.60,105.30,11,5,-121.36,0v-69.89,-154.60,88.97,4,3,-179.62,0v-60.44,-150.41,86.06,3,3,-176.26,0v-61.96,-151.76,114.78,6,3,-177.71
"zone 1 above ^^^^^^^"

v220.04,44.33,152.75,3,3,117.12,0v228.16,45.81,154.36,8,3,115.69,0v228.10,45.81,171.81,3,3,117.22,0v231.11,44.65,185.53,3,3,93.06,0v235.20,39.75,179.01,7,3,96.15,1,7,3v239.27,44.71,193.45,3,3,-84.08,0v235.91,42.20,145.30,3,3,-62.76,0v252.15,41.10,136.61,4,3,93.31,0v242.26,41.81,170.24,13,5,-132.20,0v250.95,41.81,174.34,11,4,-21.52,0
v262.06,40.97,195.46,7,4,84.85,1,43,21v261.61,42.20,185.11,5,3,91.20,1,10,26v279.63,41.30,195.62,7,3,94.07,1,37,26v278.12,42.91,184.77,6,3,91.08,1,10,13v265.98,43.62,181.65,8,3,-178.09,0v288.12,40.85,140.47,4,3,-86.26,0v305.19,42.33,142.52,3,3,68.37,0v318.94,44.20,155.36,3,3,-109.47,0v307.87,45.74,161.18,8,3,-110.24,0v310.66,45.74,174.43,3,3,-111.43,0
v309.04,44.71,188.43,3,3,-87.81,0v301.03,44.71,193.46,3,3,-88.42,0v304.61,39.49,184.70,8,3,-86.58,1,8,3v289.57,41.43,161.16,12,5,132.63,0v288.80,41.81,174.52,10,4,-153.94,0v280.23,38.14,177.90,4,3,94.97,0v259.27,38.01,181.92,4,3,-87.00,0v302.56,45.74,170.99,3,3,-113.54,0v236.50,45.74,168.35,3,3,113.83,0
"zone 2 above ^^^^^^^^"

v239.56,-11.60,-249.66,7,3,123.92,0v263.88,-13.02,-251.45,3,3,90.08,0v263.58,-13.02,-262.44,3,3,91.17,0v265.24,-14.95,-237.32,4,3,-173.93,0v280.19,-10.63,-253.95,8,3,-176.90,0v304.63,-13.08,-259.70,3,3,-89.26,0v304.41,-12.89,-248.57,3,3,-88.99,0v299.56,-14.69,-237.52,3,3,-176.26,0v328.69,-11.54,-250.00,8,4,66.97,0v297.40,-14.24,-227.51,5,3,-89.21,0
v270.56,-14.24,-232.63,6,3,93.19,0v240.68,-8.89,-214.67,4,3,100.60,0v327.90,-8.89,-210.35,5,3,-88.97,0v297.22,-14.50,-202.80,5,3,136.91,1,39,26v295.79,-13.66,-203.95,4,3,-42.68,0v274.95,-13.86,-206.63,4,3,47.10,0v270.67,-14.37,-202.64,4,3,45.57,1,37,24v270.72,-10.18,-241.76,7,4,91.55,0v297.46,-10.18,-235.11,7,3,-87.81,0v246.44,-13.73,-230.63,17,7,65.79,0
v326.93,-13.60,-218.23,14,7,-70.92,0
"zone 3 above ^^^^^^^^^"


